TANK : 70 : 2022-09-22 21:50:41.045758 : (H)
FRA : 7 : 2022-09-22 22:37:11.470705 : (N)
FRA : 7 : 2022-09-22 22:37:47.938135 : (N)
UKR : 55 : 2022-09-22 22:35:38.466249 : (H)
IHOR : 50 : 2022-09-22 20:33:54.285704 : (H)
SPAIN : 50 : 2022-09-22 22:36:31.653977 : (H)
SGSJ : 31 : 2022-09-22 22:34:47.282461 : (N)
GERM : 22 : 2022-09-22 22:39:23.292037 : (N)
III : 13 : 2022-09-22 15:27:37.179701 : (N)
KKK : 12 : 2022-09-22 20:06:45.658048 : (N)
